35.58823529411764
42.72222222222222
47.21875
43.40625
44.71875
44.71875
43.46875
43.46875
37.352941176470594
32.4375
40.96875
51.15625
43.28125
46.00000000000001
37.6875
45.50000000000001
37.875
38.11764705882353
58.43181818181819
72.0625
33.4375
43.055555555555564
36.625
32.8125
43.3125
51.15625
38.0
38.1875
37.5625
33.3125
42.31578947368421
35.58823529411764
43.875
44.34375
36.5
36.5
41.75
46.84375
42.05555555555556
36.1875
36.9375
34.05882352941176
37.25
30.3125
47.25
45.59375
42.5
37.470588235294116
43.09375
43.1875
64.14583333333334
61.36956521739129
58.79545454545455
49.37500000000001
41.83333333333334
42.16666666666668
54.78571428571428
44.27777777777778
54.88636363636364
47.3684210526316
42.578947368421055
38.25
51.11904761904763
41.83333333333335
44.52631578947368
55.54761904761904
45.53125
45.21875
51.15625
44.21875
43.78125
43.78125
44.000000000000014
43.27777777777779
37.9375
38.875
36.9375
44.25
34.0625
38.53125
41.59375
41.59375
48.925000000000004
35.833333333333336
39.5
37.3125
36.4375
41.05882352941176
39.5625
45.3888888888889
42.9375
35.3125
34.96875
42.90625
36.4375
37.3125
41.125
42.0
26.0
30.25
50.325
56.261904761904745
42.46875
45.9375
35.5625
39.875
44.09375
51.15625
61.02173913043477
37.35294117647058
39.78125
41.625
45.65625
37.71875
40.5
41.9375
35.0
40.0
40.3125
36.375
50.59523809523809
52.025000000000006
40.75
30.875
48.31578947368422
48.31578947368422
32.4375
39.3125
42.25
45.9375
40.875
42.90625
36.90625
35.1875
51.15625
41.90625
34.78125
38.17647058823529
32.764705882352956
38.72222222222223
56.11904761904762
54.074999999999996
43.055555555555564
33.4375
32.1875
34.1875
50.57500000000001
51.02380952380952
32.125
37.6875
46.61111111111112
52.324999999999974
45.65625
46.9375
30.3125
37.1764705882353
34.9375
36.9375
37.59375
34.0625
32.11764705882353
41.1875
33.1875
45.9375
43.5625
43.03125
37.8125
41.9375
43.17647058823529
24.5625
32.76470588235294
36.23529411764705
31.25
37.5
44.28125
36.25
38.1764705882353
38.52941176470587
46.125
43.46875
41.15625
41.15625
51.15625
51.15625
41.53125
39.6875
34.4375
38.0
35.1875
52.340909090909086
34.75
35.90625
46.53125
44.46875
38.294117647058826
39.8235294117647
37.3125
37.3125
38.0
41.5
45.53125
51.15625
45.53125
46.125
45.25
33.25
34.3125
44.00000000000001
35.125
43.15625
34.6875
38.0625
51.07142857142857
48.575
52.547619047619044
46.57894736842106
35.5625
38.875
43.611111111111114
45.84210526315789
38.25
44.6875
38.375
44.6875
39.625
51.15625
45.388888888888886
34.625
35.625
33.03125
39.1875
39.1875
37.5625
45.16666666666666
35.5625
45.78947368421054
40.5
39.125
40.5294117647059
44.94736842105264
36.375
40.5625
44.47368421052632
36.4375
35.40625
35.9375
40.5625
45.875
45.875
46.28125
41.78125
41.78125
37.6875
37.5625
38.0
40.71875
43.42105263157896
42.1875
59.3409090909091
37.70588235294118
38.15625
35.94117647058823
32.8125
50.275
34.90625
36.53125
36.96875
34.1875
56.64285714285714
39.23529411764705
42.4375
37.09375
39.875
41.75
41.46875
44.875
32.3125
39.05882352941176
34.1875
43.722222222222236
42.8125
39.125
41.875
33.4375
32.125
45.0
42.59375
42.53125
36.25
35.4375
38.125
35.6875
55.54761904761905
55.54761904761905
55.78571428571429
51.73809523809522
42.6875
38.65625
40.529411764705884
41.50000000000001
37.3125
34.5625
39.25
37.8125
33.0625
38.411764705882355
51.675000000000004
62.10869565217391
29.3125
40.27777777777778
34.8125
41.94444444444444
34.8125
37.0625
38.0625
42.90625
40.21875
40.21875
42.96875
42.96875
45.03125
46.21875
33.75
37.0
44.27777777777778
37.5625
37.78125
41.4375
48.67499999999999
53.88636363636364
32.0
42.375
58.065217391304344
63.56249999999999
43.84375
44.59375
38.35294117647058
40.83333333333333
33.875
40.84375
43.4375
43.4375
39.29411764705882
39.29411764705882
35.25
38.1875
38.03125
40.03125
44.5
46.421052631578945
35.0
37.375
47.62500000000001
34.4375
59.15909090909089
33.3125
36.6875
40.6875
40.0
36.03125
40.625
37.1875
38.40625
35.6875
37.6875
28.3125
38.125
38.0
70.66
74.46000000000001
46.34375
40.15625
30.9375
37.875
44.15625
42.28125
37.625
42.61111111111111
41.59375
37.5
51.15625
51.15625
45.53125
38.59375
33.875
37.25
42.6875
38.4375
40.833333333333336
50.574999999999996
59.068181818181834
71.89999999999999
45.78125
42.3125
46.57894736842104
38.05555555555556
45.1875
42.09375
36.52941176470587
39.41176470588235
38.3125
39.75
43.0625
41.0625
44.78125
41.59375
41.625
39.5
33.6875
37.6875
40.176470588235304
45.94444444444444
43.53125
39.5625
43.38888888888889
37.70588235294117
37.882352941176464
36.875
46.3125
46.3125
62.28260869565218
70.46000000000001
42.0
39.25
44.3125
44.65625
37.9375
37.6875
41.9375
45.75
38.3125
35.9375
44.0
37.125
38.58823529411764
33.4375
48.0
42.21875
38.38888888888889
32.3125
51.525000000000006
44.5
47.0
44.125
41.25
40.875
37.882352941176464
34.0625
42.4375
40.4375
38.78125
38.78125
42.15625
40.625
34.03125
34.03125
35.5625
36.5625
79.83333333333333
44.0
41.75
37.58823529411766
38.99999999999999
50.075
44.6875
43.78125
39.3125
40.3125
41.9375
40.71875
42.28125
43.03125
32.5625
36.17647058823529
54.21428571428572
43.611111111111114
39.5
36.875
46.4375
46.34375
32.1875
32.1875
41.90625
37.75
47.34375
47.34375
42.0625
42.09375
51.15625
37.90625
46.84375
31.15625
45.6875
45.875
36.9375
44.83333333333334
47.25
45.0625
37.17647058823529
45.26315789473684
52.975000000000016
44.8421052631579
37.125
37.78125
37.294117647058826
34.47058823529411
39.78125
41.9375
62.02173913043478
62.02173913043478
36.3125
40.375
51.574999999999996
43.947368421052644
63.760869565217384
58.88636363636365
40.3125
40.3125
45.90625
45.53125
42.05555555555556
50.67500000000002
42.50000000000001
41.23529411764706
42.71875
47.34375
29.0625
29.3125
43.05555555555556
40.388888888888886
38.375
41.75
51.37500000000001
51.875000000000014
34.9375
44.27777777777778
45.09375
44.375
38.75
37.5
39.78125
42.15625
39.25
45.53125
36.25
40.47058823529411
36.125
40.117647058823515
38.0
36.75
52.22499999999999
61.97826086956521
36.125
63.84782608695653
45.6875
39.03125
32.8125
38.705882352941174
42.75
40.0
42.61111111111111
43.736842105263165
47.574999999999996
54.404761904761905
41.72222222222223
39.875
45.57894736842106
37.0
40.72222222222222
34.875
51.875
61.70454545454545
39.65625
39.65625
45.9375
45.9375
45.89473684210527
44.73684210526316
43.8125
32.9375
29.9375
37.4375
31.9375
34.5
37.4375
34.4375
41.23529411764705
48.82500000000001
51.15625
36.1875
46.842105263157904
49.974999999999994
40.28125
36.625
35.1875
37.875
35.88235294117647
38.125
30.8125
37.90625
60.79545454545454
75.42
39.75
35.75
38.5625
34.0625
38.875
32.9375
34.90625
52.57499999999999
37.40625
41.05882352941176
44.5
44.375
39.8125
37.176470588235304
47.03125
42.09375
42.28125
36.0625
46.03125
46.03125
39.375
37.8125
35.9375
48.074999999999996
37.8235294117647
44.72222222222223
31.6875
36.529411764705884
36.375
32.0625
51.15625
51.15625
42.21875
51.15625
39.05555555555556
38.8235294117647
44.27777777777778
42.05555555555556
43.6875
45.875
46.15625
46.09375
54.595238095238095
50.64285714285713
38.166666666666664
32.1875
39.90625
42.6875
41.3125
46.28125
43.6875
39.09375
35.05555555555556
41.26315789473686
38.96875
40.59375
37.0625
37.125
34.375
35.0625
40.388888888888886
59.522727272727266
33.5625
33.9375
33.5625
34.4375
43.611111111111114
43.611111111111114
36.11764705882352
39.11764705882353
41.16666666666668
33.6875
34.35294117647059
37.28125
33.0625
33.0625
34.28125
35.05882352941176
34.78125
36.9375
42.0625
37.125
41.03125
41.625
37.94444444444445
34.6875
36.125
34.5625
38.0
36.647058823529406
35.375
36.75
59.45652173913042
53.47500000000001
30.6875
67.89583333333331
46.28125
33.9375
32.4375
43.5
49.47500000000001
57.642857142857146
41.388888888888886
31.90625
46.34375
43.84375
36.8125
47.000000000000014
57.795454545454554
59.88636363636364
40.8125
39.125
46.71875
46.28125
35.52941176470588
43.6875
34.17647058823529
36.47058823529412
37.1875
42.28125
38.375
39.0
35.625
35.625
40.90625
40.90625
49.175000000000004
48.275
34.25
37.8125
38.5625
37.294117647058826
37.125
33.0
34.25
36.625
44.125
48.1875
34.4375
40.375
58.159090909090914
38.529411764705884
48.0625
48.0625
37.25
41.78125
42.0625
41.28125
38.75
38.0625
48.075
55.83333333333332
51.67499999999999
56.023809523809526
39.41176470588234
40.05882352941176
39.58823529411764
39.70588235294117
40.1875
41.875
35.875
42.0625
36.1875
40.0
37.3125
37.3125
32.1875
39.3125
54.64285714285713
48.675000000000004
41.16666666666667
32.8125
41.15625
39.75
36.882352941176464
36.8235294117647
45.0625
45.0625
40.25
36.0625
42.15625
32.9375
40.625
38.9375
41.75
36.5
35.625
35.0625
51.15625
40.125
40.0625
27.8125
38.29411764705882
49.27500000000001
45.0
43.05555555555556
73.34
35.411764705882355
36.1875
37.8125
35.1875
36.8125
39.6875
43.75
74.77999999999997
51.074999999999996
38.375
37.375
38.75
45.5
47.63157894736842
60.3409090909091
33.58823529411764
44.16666666666667
42.125
32.35294117647058
40.16666666666667
36.3125
60.43181818181819
36.705882352941174
45.4375
46.34375
36.5625
38.875
40.375
36.9375
46.28125
44.34375
43.68421052631579
46.473684210526336
39.40625
43.03125
48.07500000000001
51.54761904761905
51.15625
40.90625
40.0
39.875
33.0
31.6875
46.73684210526317
58.613636363636374
35.470588235294116
36.3125
40.29411764705882
64.35416666666666
51.15625
43.96875
54.92857142857142
63.25
42.722222222222214
44.16666666666667
39.5
38.375
39.0
51.074999999999996
41.1875
45.34375
42.03125
47.625
49.03125
49.03125
45.10526315789476
40.88235294117647
51.15625
51.15625
37.375
34.1875
38.5625
43.25
38.03125
39.65625
40.1875
40.1875
47.631578947368425
39.82352941176471
46.52631578947368
46.57894736842106
37.5625
36.125
45.0625
36.40625
42.46875
38.09375
38.1875
40.72222222222222
38.9375
37.4375
44.65625
46.09375
44.473684210526315
44.473684210526315
41.15625
41.15625
39.9375
42.09375
61.795454545454554
74.70000000000003
51.15625
51.15625
36.76470588235294
39.941176470588246
38.25
43.5625
38.09375
43.21875
37.75
37.21875
36.6875
36.3125
35.999999999999986
41.0
44.59375
51.15625
51.15625
39.90625
51.15625
39.90625
36.25
35.0
30.9375
28.8125
38.3125
38.1875
45.94444444444446
34.8125
37.8125
37.8125
43.6111111111111
29.8125
36.625
36.4375
64.49999999999999
62.06818181818182
47.789473684210535
45.684210526315795
40.84375
39.1875
36.23529411764705
37.99999999999999
36.5
41.90625
37.8125
37.6875
75.73999999999998
70.14583333333334
35.0625
36.29411764705881
47.89473684210527
38.83333333333333
41.8125
45.9375
37.125
34.625
39.15625
39.35294117647058
36.625
31.4375
40.58823529411766
35.625
38.75
37.625
43.8125
43.0
36.64705882352942
36.64705882352942
40.0
36.84375
46.842105263157904
49.67499999999999
43.42105263157895
45.63157894736842
44.10526315789475
32.8125
41.96875
42.96875
34.25
31.75
45.875
40.5625
38.25
39.125
34.75
48.10526315789474
34.6875
54.3095238095238
38.6875
30.3125
35.9375
40.375
42.78125
42.78125
37.5625
39.1875
33.9375
49.074999999999996
39.09375
35.8125
